{
 "cells": [
  {
   "cell_type": "markdown",
   "metadata": {},
   "source": [
    "# Analisis de Dataset"
   ]
  },
  {
   "cell_type": "code",
   "execution_count": 1,
   "metadata": {},
   "outputs": [],
   "source": [
    "# Integrantes\n",
    "# Danny Jaramillo\n",
    "# Danny Vasquez\n",
    "# Angel Minga"
   ]
  },
  {
   "cell_type": "code",
   "execution_count": 2,
   "metadata": {},
   "outputs": [],
   "source": [
    "import statsmodels.formula.api as sfm #Biblioteca para estimar modelos estadísticos\n",
    "import pandas as pd\n",
    "import numpy as np\n",
    "import matplotlib.pyplot as plt\n",
    "from pandas.plotting import scatter_matrix #Herramienta de Pandas para diagramas de dispersió"
   ]
  },
  {
   "cell_type": "code",
   "execution_count": 3,
   "metadata": {},
   "outputs": [],
   "source": [
    "# Lectura de los archivos\n",
    "df = pd.read_csv('tips_datos.csv',sep=',',quotechar='\"')\n",
    "df_Female = pd.read_csv('tips_dato_F.csv',sep=',',quotechar='\"')\n",
    "df_Male = pd.read_csv('tips_dato_M.csv',sep=',',quotechar='\"')"
   ]
  },
  {
   "cell_type": "code",
   "execution_count": 4,
   "metadata": {},
   "outputs": [
    {
     "output_type": "execute_result",
     "data": {
      "text/plain": "   total_bill   tip     sex smoker  day    time  size  genero  fuma  dia  \\\n0       16.99  1.01  Female     No  Sun  Dinner     2       0     0    1   \n1       10.34  1.66    Male     No  Sun  Dinner     3       1     0    1   \n2       21.01  3.50    Male     No  Sun  Dinner     3       1     0    1   \n3       23.68  3.31    Male     No  Sun  Dinner     2       1     0    1   \n4       24.59  3.61  Female     No  Sun  Dinner     4       0     0    1   \n\n   tiempo  \n0       0  \n1       0  \n2       0  \n3       0  \n4       0  ",
      "text/html": "<div>\n<style scoped>\n    .dataframe tbody tr th:only-of-type {\n        vertical-align: middle;\n    }\n\n    .dataframe tbody tr th {\n        vertical-align: top;\n    }\n\n    .dataframe thead th {\n        text-align: right;\n    }\n</style>\n<table border=\"1\" class=\"dataframe\">\n  <thead>\n    <tr style=\"text-align: right;\">\n      <th></th>\n      <th>total_bill</th>\n      <th>tip</th>\n      <th>sex</th>\n      <th>smoker</th>\n      <th>day</th>\n      <th>time</th>\n      <th>size</th>\n      <th>genero</th>\n      <th>fuma</th>\n      <th>dia</th>\n      <th>tiempo</th>\n    </tr>\n  </thead>\n  <tbody>\n    <tr>\n      <th>0</th>\n      <td>16.99</td>\n      <td>1.01</td>\n      <td>Female</td>\n      <td>No</td>\n      <td>Sun</td>\n      <td>Dinner</td>\n      <td>2</td>\n      <td>0</td>\n      <td>0</td>\n      <td>1</td>\n      <td>0</td>\n    </tr>\n    <tr>\n      <th>1</th>\n      <td>10.34</td>\n      <td>1.66</td>\n      <td>Male</td>\n      <td>No</td>\n      <td>Sun</td>\n      <td>Dinner</td>\n      <td>3</td>\n      <td>1</td>\n      <td>0</td>\n      <td>1</td>\n      <td>0</td>\n    </tr>\n    <tr>\n      <th>2</th>\n      <td>21.01</td>\n      <td>3.50</td>\n      <td>Male</td>\n      <td>No</td>\n      <td>Sun</td>\n      <td>Dinner</td>\n      <td>3</td>\n      <td>1</td>\n      <td>0</td>\n      <td>1</td>\n      <td>0</td>\n    </tr>\n    <tr>\n      <th>3</th>\n      <td>23.68</td>\n      <td>3.31</td>\n      <td>Male</td>\n      <td>No</td>\n      <td>Sun</td>\n      <td>Dinner</td>\n      <td>2</td>\n      <td>1</td>\n      <td>0</td>\n      <td>1</td>\n      <td>0</td>\n    </tr>\n    <tr>\n      <th>4</th>\n      <td>24.59</td>\n      <td>3.61</td>\n      <td>Female</td>\n      <td>No</td>\n      <td>Sun</td>\n      <td>Dinner</td>\n      <td>4</td>\n      <td>0</td>\n      <td>0</td>\n      <td>1</td>\n      <td>0</td>\n    </tr>\n  </tbody>\n</table>\n</div>"
     },
     "metadata": {},
     "execution_count": 4
    }
   ],
   "source": [
    "df.head()"
   ]
  },
  {
   "cell_type": "code",
   "execution_count": 5,
   "metadata": {},
   "outputs": [
    {
     "output_type": "execute_result",
     "data": {
      "text/plain": "       total_bill         tip        size      genero        fuma         dia  \\\ncount  244.000000  244.000000  244.000000  244.000000  244.000000  244.000000   \nmean    19.785943    2.998279    2.569672    0.643443    0.381148    2.098361   \nstd      8.902412    1.383638    0.951100    0.479967    0.486667    0.933244   \nmin      3.070000    1.000000    1.000000    0.000000    0.000000    1.000000   \n25%     13.347500    2.000000    2.000000    0.000000    0.000000    1.000000   \n50%     17.795000    2.900000    2.000000    1.000000    0.000000    2.000000   \n75%     24.127500    3.562500    3.000000    1.000000    1.000000    3.000000   \nmax     50.810000   10.000000    6.000000    1.000000    1.000000    4.000000   \n\n           tiempo  \ncount  244.000000  \nmean     0.278689  \nstd      0.449276  \nmin      0.000000  \n25%      0.000000  \n50%      0.000000  \n75%      1.000000  \nmax      1.000000  ",
      "text/html": "<div>\n<style scoped>\n    .dataframe tbody tr th:only-of-type {\n        vertical-align: middle;\n    }\n\n    .dataframe tbody tr th {\n        vertical-align: top;\n    }\n\n    .dataframe thead th {\n        text-align: right;\n    }\n</style>\n<table border=\"1\" class=\"dataframe\">\n  <thead>\n    <tr style=\"text-align: right;\">\n      <th></th>\n      <th>total_bill</th>\n      <th>tip</th>\n      <th>size</th>\n      <th>genero</th>\n      <th>fuma</th>\n      <th>dia</th>\n      <th>tiempo</th>\n    </tr>\n  </thead>\n  <tbody>\n    <tr>\n      <th>count</th>\n      <td>244.000000</td>\n      <td>244.000000</td>\n      <td>244.000000</td>\n      <td>244.000000</td>\n      <td>244.000000</td>\n      <td>244.000000</td>\n      <td>244.000000</td>\n    </tr>\n    <tr>\n      <th>mean</th>\n      <td>19.785943</td>\n      <td>2.998279</td>\n      <td>2.569672</td>\n      <td>0.643443</td>\n      <td>0.381148</td>\n      <td>2.098361</td>\n      <td>0.278689</td>\n    </tr>\n    <tr>\n      <th>std</th>\n      <td>8.902412</td>\n      <td>1.383638</td>\n      <td>0.951100</td>\n      <td>0.479967</td>\n      <td>0.486667</td>\n      <td>0.933244</td>\n      <td>0.449276</td>\n    </tr>\n    <tr>\n      <th>min</th>\n      <td>3.070000</td>\n      <td>1.000000</td>\n      <td>1.000000</td>\n      <td>0.000000</td>\n      <td>0.000000</td>\n      <td>1.000000</td>\n      <td>0.000000</td>\n    </tr>\n    <tr>\n      <th>25%</th>\n      <td>13.347500</td>\n      <td>2.000000</td>\n      <td>2.000000</td>\n      <td>0.000000</td>\n      <td>0.000000</td>\n      <td>1.000000</td>\n      <td>0.000000</td>\n    </tr>\n    <tr>\n      <th>50%</th>\n      <td>17.795000</td>\n      <td>2.900000</td>\n      <td>2.000000</td>\n      <td>1.000000</td>\n      <td>0.000000</td>\n      <td>2.000000</td>\n      <td>0.000000</td>\n    </tr>\n    <tr>\n      <th>75%</th>\n      <td>24.127500</td>\n      <td>3.562500</td>\n      <td>3.000000</td>\n      <td>1.000000</td>\n      <td>1.000000</td>\n      <td>3.000000</td>\n      <td>1.000000</td>\n    </tr>\n    <tr>\n      <th>max</th>\n      <td>50.810000</td>\n      <td>10.000000</td>\n      <td>6.000000</td>\n      <td>1.000000</td>\n      <td>1.000000</td>\n      <td>4.000000</td>\n      <td>1.000000</td>\n    </tr>\n  </tbody>\n</table>\n</div>"
     },
     "metadata": {},
     "execution_count": 5
    }
   ],
   "source": [
    "df.describe()"
   ]
  },
  {
   "cell_type": "markdown",
   "metadata": {},
   "source": [
    "# Numero total de propinas"
   ]
  },
  {
   "cell_type": "code",
   "execution_count": 6,
   "metadata": {},
   "outputs": [],
   "source": [
    "totalProp=df['tip'].count()"
   ]
  },
  {
   "cell_type": "code",
   "execution_count": 7,
   "metadata": {},
   "outputs": [
    {
     "output_type": "execute_result",
     "data": {
      "text/plain": "244"
     },
     "metadata": {},
     "execution_count": 7
    }
   ],
   "source": [
    "totalProp"
   ]
  },
  {
   "cell_type": "markdown",
   "metadata": {},
   "source": [
    "# Sumatoria de las propinas"
   ]
  },
  {
   "cell_type": "code",
   "execution_count": 8,
   "metadata": {},
   "outputs": [],
   "source": [
    "sum_propina=round(df['tip'].sum(),2)"
   ]
  },
  {
   "cell_type": "code",
   "execution_count": 9,
   "metadata": {},
   "outputs": [
    {
     "output_type": "execute_result",
     "data": {
      "text/plain": "731.58"
     },
     "metadata": {},
     "execution_count": 9
    }
   ],
   "source": [
    "sum_propina"
   ]
  },
  {
   "cell_type": "markdown",
   "metadata": {},
   "source": [
    "# Frecuencia Absoluta"
   ]
  },
  {
   "cell_type": "code",
   "execution_count": 10,
   "metadata": {},
   "outputs": [],
   "source": [
    "#Obtener informacion de la frecuncia absoluta como una serie de datos\n",
    "freqAbs=df['tip'].value_counts().to_frame()"
   ]
  },
  {
   "cell_type": "code",
   "execution_count": 11,
   "metadata": {},
   "outputs": [
    {
     "output_type": "execute_result",
     "data": {
      "text/plain": "      tip\n2.00   33\n3.00   23\n4.00   12\n5.00   10\n2.50   10\n...   ...\n2.83    1\n1.58    1\n3.71    1\n3.35    1\n2.18    1\n\n[123 rows x 1 columns]",
      "text/html": "<div>\n<style scoped>\n    .dataframe tbody tr th:only-of-type {\n        vertical-align: middle;\n    }\n\n    .dataframe tbody tr th {\n        vertical-align: top;\n    }\n\n    .dataframe thead th {\n        text-align: right;\n    }\n</style>\n<table border=\"1\" class=\"dataframe\">\n  <thead>\n    <tr style=\"text-align: right;\">\n      <th></th>\n      <th>tip</th>\n    </tr>\n  </thead>\n  <tbody>\n    <tr>\n      <th>2.00</th>\n      <td>33</td>\n    </tr>\n    <tr>\n      <th>3.00</th>\n      <td>23</td>\n    </tr>\n    <tr>\n      <th>4.00</th>\n      <td>12</td>\n    </tr>\n    <tr>\n      <th>5.00</th>\n      <td>10</td>\n    </tr>\n    <tr>\n      <th>2.50</th>\n      <td>10</td>\n    </tr>\n    <tr>\n      <th>...</th>\n      <td>...</td>\n    </tr>\n    <tr>\n      <th>2.83</th>\n      <td>1</td>\n    </tr>\n    <tr>\n      <th>1.58</th>\n      <td>1</td>\n    </tr>\n    <tr>\n      <th>3.71</th>\n      <td>1</td>\n    </tr>\n    <tr>\n      <th>3.35</th>\n      <td>1</td>\n    </tr>\n    <tr>\n      <th>2.18</th>\n      <td>1</td>\n    </tr>\n  </tbody>\n</table>\n<p>123 rows × 1 columns</p>\n</div>"
     },
     "metadata": {},
     "execution_count": 11
    }
   ],
   "source": [
    "freqAbs"
   ]
  },
  {
   "cell_type": "markdown",
   "metadata": {},
   "source": [
    "# Frecuencia relativa"
   ]
  },
  {
   "cell_type": "code",
   "execution_count": 12,
   "metadata": {},
   "outputs": [],
   "source": [
    "#funcion para calcular la frecuencia relativa\n",
    "def freq_relative(x):\n",
    "    return x/totalProp"
   ]
  },
  {
   "cell_type": "code",
   "execution_count": 13,
   "metadata": {},
   "outputs": [
    {
     "output_type": "execute_result",
     "data": {
      "text/plain": "2.00    0.135246\n3.00    0.094262\n4.00    0.049180\n5.00    0.040984\n2.50    0.040984\n          ...   \n2.83    0.004098\n1.58    0.004098\n3.71    0.004098\n3.35    0.004098\n2.18    0.004098\nName: tip, Length: 123, dtype: float64"
     },
     "metadata": {},
     "execution_count": 13
    }
   ],
   "source": [
    "freq_relative(freqAbs['tip'])"
   ]
  },
  {
   "cell_type": "markdown",
   "metadata": {},
   "source": [
    "# Media de propina"
   ]
  },
  {
   "cell_type": "code",
   "execution_count": 14,
   "metadata": {},
   "outputs": [],
   "source": [
    "mediaProp= round(sum_propina/totalProp,4)"
   ]
  },
  {
   "cell_type": "code",
   "execution_count": 15,
   "metadata": {},
   "outputs": [
    {
     "output_type": "execute_result",
     "data": {
      "text/plain": "2.9983"
     },
     "metadata": {},
     "execution_count": 15
    }
   ],
   "source": [
    "mediaProp"
   ]
  },
  {
   "cell_type": "markdown",
   "metadata": {},
   "source": [
    "# Relaciòn existe entre propina y factura"
   ]
  },
  {
   "cell_type": "code",
   "execution_count": 16,
   "metadata": {},
   "outputs": [
    {
     "output_type": "execute_result",
     "data": {
      "text/plain": "            total_bill       tip      size    genero      fuma       dia  \\\ntotal_bill    1.000000  0.675734  0.598315  0.144877  0.085721 -0.175312   \ntip           0.675734  1.000000  0.489299  0.088862  0.005929 -0.138947   \nsize          0.598315  0.489299  1.000000  0.086195 -0.133178 -0.211750   \ngenero        0.144877  0.088862  0.086195  1.000000  0.002816 -0.215374   \nfuma          0.085721  0.005929 -0.133178  0.002816  1.000000  0.170818   \ndia          -0.175312 -0.138947 -0.211750 -0.215374  0.170818  1.000000   \ntiempo       -0.183118 -0.121629 -0.103411 -0.205231 -0.054921  0.670470   \n\n              tiempo  \ntotal_bill -0.183118  \ntip        -0.121629  \nsize       -0.103411  \ngenero     -0.205231  \nfuma       -0.054921  \ndia         0.670470  \ntiempo      1.000000  ",
      "text/html": "<div>\n<style scoped>\n    .dataframe tbody tr th:only-of-type {\n        vertical-align: middle;\n    }\n\n    .dataframe tbody tr th {\n        vertical-align: top;\n    }\n\n    .dataframe thead th {\n        text-align: right;\n    }\n</style>\n<table border=\"1\" class=\"dataframe\">\n  <thead>\n    <tr style=\"text-align: right;\">\n      <th></th>\n      <th>total_bill</th>\n      <th>tip</th>\n      <th>size</th>\n      <th>genero</th>\n      <th>fuma</th>\n      <th>dia</th>\n      <th>tiempo</th>\n    </tr>\n  </thead>\n  <tbody>\n    <tr>\n      <th>total_bill</th>\n      <td>1.000000</td>\n      <td>0.675734</td>\n      <td>0.598315</td>\n      <td>0.144877</td>\n      <td>0.085721</td>\n      <td>-0.175312</td>\n      <td>-0.183118</td>\n    </tr>\n    <tr>\n      <th>tip</th>\n      <td>0.675734</td>\n      <td>1.000000</td>\n      <td>0.489299</td>\n      <td>0.088862</td>\n      <td>0.005929</td>\n      <td>-0.138947</td>\n      <td>-0.121629</td>\n    </tr>\n    <tr>\n      <th>size</th>\n      <td>0.598315</td>\n      <td>0.489299</td>\n      <td>1.000000</td>\n      <td>0.086195</td>\n      <td>-0.133178</td>\n      <td>-0.211750</td>\n      <td>-0.103411</td>\n    </tr>\n    <tr>\n      <th>genero</th>\n      <td>0.144877</td>\n      <td>0.088862</td>\n      <td>0.086195</td>\n      <td>1.000000</td>\n      <td>0.002816</td>\n      <td>-0.215374</td>\n      <td>-0.205231</td>\n    </tr>\n    <tr>\n      <th>fuma</th>\n      <td>0.085721</td>\n      <td>0.005929</td>\n      <td>-0.133178</td>\n      <td>0.002816</td>\n      <td>1.000000</td>\n      <td>0.170818</td>\n      <td>-0.054921</td>\n    </tr>\n    <tr>\n      <th>dia</th>\n      <td>-0.175312</td>\n      <td>-0.138947</td>\n      <td>-0.211750</td>\n      <td>-0.215374</td>\n      <td>0.170818</td>\n      <td>1.000000</td>\n      <td>0.670470</td>\n    </tr>\n    <tr>\n      <th>tiempo</th>\n      <td>-0.183118</td>\n      <td>-0.121629</td>\n      <td>-0.103411</td>\n      <td>-0.205231</td>\n      <td>-0.054921</td>\n      <td>0.670470</td>\n      <td>1.000000</td>\n    </tr>\n  </tbody>\n</table>\n</div>"
     },
     "metadata": {},
     "execution_count": 16
    }
   ],
   "source": [
    "# Correlación metodo de pearson\n",
    "df.corr(method=\"pearson\")"
   ]
  },
  {
   "cell_type": "code",
   "execution_count": 17,
   "metadata": {},
   "outputs": [],
   "source": [
    "# Se puede observar que existe una correlación de 0.655734 entre factura (total_bill) y propina (tip) que es una correlación fuerte"
   ]
  },
  {
   "cell_type": "code",
   "execution_count": 18,
   "metadata": {},
   "outputs": [
    {
     "output_type": "execute_result",
     "data": {
      "text/plain": "            total_bill       tip      size    genero      fuma       dia  \\\ntotal_bill    1.000000  0.517181  0.484342  0.120889  0.050004 -0.153125   \ntip           0.517181  1.000000  0.378185  0.046539  0.014119 -0.134164   \nsize          0.484342  0.378185  1.000000  0.090987 -0.122854 -0.227723   \ngenero        0.120889  0.046539  0.090987  1.000000  0.002816 -0.204860   \nfuma          0.050004  0.014119 -0.122854  0.002816  1.000000  0.141003   \ndia          -0.153125 -0.134164 -0.227723 -0.204860  0.141003  1.000000   \ntiempo       -0.170303 -0.116622 -0.156301 -0.205231 -0.054921  0.653536   \n\n              tiempo  \ntotal_bill -0.170303  \ntip        -0.116622  \nsize       -0.156301  \ngenero     -0.205231  \nfuma       -0.054921  \ndia         0.653536  \ntiempo      1.000000  ",
      "text/html": "<div>\n<style scoped>\n    .dataframe tbody tr th:only-of-type {\n        vertical-align: middle;\n    }\n\n    .dataframe tbody tr th {\n        vertical-align: top;\n    }\n\n    .dataframe thead th {\n        text-align: right;\n    }\n</style>\n<table border=\"1\" class=\"dataframe\">\n  <thead>\n    <tr style=\"text-align: right;\">\n      <th></th>\n      <th>total_bill</th>\n      <th>tip</th>\n      <th>size</th>\n      <th>genero</th>\n      <th>fuma</th>\n      <th>dia</th>\n      <th>tiempo</th>\n    </tr>\n  </thead>\n  <tbody>\n    <tr>\n      <th>total_bill</th>\n      <td>1.000000</td>\n      <td>0.517181</td>\n      <td>0.484342</td>\n      <td>0.120889</td>\n      <td>0.050004</td>\n      <td>-0.153125</td>\n      <td>-0.170303</td>\n    </tr>\n    <tr>\n      <th>tip</th>\n      <td>0.517181</td>\n      <td>1.000000</td>\n      <td>0.378185</td>\n      <td>0.046539</td>\n      <td>0.014119</td>\n      <td>-0.134164</td>\n      <td>-0.116622</td>\n    </tr>\n    <tr>\n      <th>size</th>\n      <td>0.484342</td>\n      <td>0.378185</td>\n      <td>1.000000</td>\n      <td>0.090987</td>\n      <td>-0.122854</td>\n      <td>-0.227723</td>\n      <td>-0.156301</td>\n    </tr>\n    <tr>\n      <th>genero</th>\n      <td>0.120889</td>\n      <td>0.046539</td>\n      <td>0.090987</td>\n      <td>1.000000</td>\n      <td>0.002816</td>\n      <td>-0.204860</td>\n      <td>-0.205231</td>\n    </tr>\n    <tr>\n      <th>fuma</th>\n      <td>0.050004</td>\n      <td>0.014119</td>\n      <td>-0.122854</td>\n      <td>0.002816</td>\n      <td>1.000000</td>\n      <td>0.141003</td>\n      <td>-0.054921</td>\n    </tr>\n    <tr>\n      <th>dia</th>\n      <td>-0.153125</td>\n      <td>-0.134164</td>\n      <td>-0.227723</td>\n      <td>-0.204860</td>\n      <td>0.141003</td>\n      <td>1.000000</td>\n      <td>0.653536</td>\n    </tr>\n    <tr>\n      <th>tiempo</th>\n      <td>-0.170303</td>\n      <td>-0.116622</td>\n      <td>-0.156301</td>\n      <td>-0.205231</td>\n      <td>-0.054921</td>\n      <td>0.653536</td>\n      <td>1.000000</td>\n    </tr>\n  </tbody>\n</table>\n</div>"
     },
     "metadata": {},
     "execution_count": 18
    }
   ],
   "source": [
    "# Correlación metodo de kendall\n",
    "df.corr(method=\"kendall\")"
   ]
  },
  {
   "cell_type": "code",
   "execution_count": 19,
   "metadata": {},
   "outputs": [],
   "source": [
    "# Se puede observar que existe una correlación de 0.517181 entre factura (total_bill) y propina (tip) que es una correlacion fuerte"
   ]
  },
  {
   "cell_type": "code",
   "execution_count": 20,
   "metadata": {},
   "outputs": [
    {
     "output_type": "execute_result",
     "data": {
      "text/plain": "            total_bill       tip      size    genero      fuma       dia  \\\ntotal_bill    1.000000  0.678968  0.604791  0.147717  0.061101 -0.201559   \ntip           0.678968  1.000000  0.468268  0.055982  0.016984 -0.174345   \nsize          0.604791  0.468268  1.000000  0.096021 -0.129651 -0.257066   \ngenero        0.147717  0.055982  0.096021  1.000000  0.002816 -0.221169   \nfuma          0.061101  0.016984 -0.129651  0.002816  1.000000  0.152228   \ndia          -0.201559 -0.174345 -0.257066 -0.221169  0.152228  1.000000   \ntiempo       -0.208096 -0.140286 -0.164948 -0.205231 -0.054921  0.705565   \n\n              tiempo  \ntotal_bill -0.208096  \ntip        -0.140286  \nsize       -0.164948  \ngenero     -0.205231  \nfuma       -0.054921  \ndia         0.705565  \ntiempo      1.000000  ",
      "text/html": "<div>\n<style scoped>\n    .dataframe tbody tr th:only-of-type {\n        vertical-align: middle;\n    }\n\n    .dataframe tbody tr th {\n        vertical-align: top;\n    }\n\n    .dataframe thead th {\n        text-align: right;\n    }\n</style>\n<table border=\"1\" class=\"dataframe\">\n  <thead>\n    <tr style=\"text-align: right;\">\n      <th></th>\n      <th>total_bill</th>\n      <th>tip</th>\n      <th>size</th>\n      <th>genero</th>\n      <th>fuma</th>\n      <th>dia</th>\n      <th>tiempo</th>\n    </tr>\n  </thead>\n  <tbody>\n    <tr>\n      <th>total_bill</th>\n      <td>1.000000</td>\n      <td>0.678968</td>\n      <td>0.604791</td>\n      <td>0.147717</td>\n      <td>0.061101</td>\n      <td>-0.201559</td>\n      <td>-0.208096</td>\n    </tr>\n    <tr>\n      <th>tip</th>\n      <td>0.678968</td>\n      <td>1.000000</td>\n      <td>0.468268</td>\n      <td>0.055982</td>\n      <td>0.016984</td>\n      <td>-0.174345</td>\n      <td>-0.140286</td>\n    </tr>\n    <tr>\n      <th>size</th>\n      <td>0.604791</td>\n      <td>0.468268</td>\n      <td>1.000000</td>\n      <td>0.096021</td>\n      <td>-0.129651</td>\n      <td>-0.257066</td>\n      <td>-0.164948</td>\n    </tr>\n    <tr>\n      <th>genero</th>\n      <td>0.147717</td>\n      <td>0.055982</td>\n      <td>0.096021</td>\n      <td>1.000000</td>\n      <td>0.002816</td>\n      <td>-0.221169</td>\n      <td>-0.205231</td>\n    </tr>\n    <tr>\n      <th>fuma</th>\n      <td>0.061101</td>\n      <td>0.016984</td>\n      <td>-0.129651</td>\n      <td>0.002816</td>\n      <td>1.000000</td>\n      <td>0.152228</td>\n      <td>-0.054921</td>\n    </tr>\n    <tr>\n      <th>dia</th>\n      <td>-0.201559</td>\n      <td>-0.174345</td>\n      <td>-0.257066</td>\n      <td>-0.221169</td>\n      <td>0.152228</td>\n      <td>1.000000</td>\n      <td>0.705565</td>\n    </tr>\n    <tr>\n      <th>tiempo</th>\n      <td>-0.208096</td>\n      <td>-0.140286</td>\n      <td>-0.164948</td>\n      <td>-0.205231</td>\n      <td>-0.054921</td>\n      <td>0.705565</td>\n      <td>1.000000</td>\n    </tr>\n  </tbody>\n</table>\n</div>"
     },
     "metadata": {},
     "execution_count": 20
    }
   ],
   "source": [
    "# Correlación metodo de spearman\n",
    "df.corr(method=\"spearman\")"
   ]
  },
  {
   "cell_type": "code",
   "execution_count": 21,
   "metadata": {},
   "outputs": [],
   "source": [
    "# Se puede observar que existe una correlación de 0.678968 entre factura (total_bill) y propina (tip) que e suna correlación fuerte"
   ]
  },
  {
   "cell_type": "markdown",
   "metadata": {},
   "source": [
    "# Correlación obtenida por la formula de Pearson"
   ]
  },
  {
   "cell_type": "markdown",
   "metadata": {},
   "source": [
    "# Codigo para pearson"
   ]
  },
  {
   "cell_type": "code",
   "execution_count": 22,
   "metadata": {},
   "outputs": [],
   "source": [
    "# Calculamos de forma manual el coeficiente de correlación de Pearson mediante una función:\n",
    "def corr_coeff(dataFrame, var1, var2):\n",
    "    dataFrame[\"corrn\"] = (dataFrame[var1] - np.mean(dataFrame[var1])) * (dataFrame[var2] - np.mean(dataFrame[var2]))\n",
    "    dataFrame[\"corr1\"] = (dataFrame[var1] - np.mean(dataFrame[var1])) ** 2\n",
    "    dataFrame[\"corr2\"] = (dataFrame[var2] - np.mean(dataFrame[var2])) ** 2\n",
    "    coeficienteCorrelacionPearson = sum(dataFrame[\"corrn\"]) / np.sqrt(sum(dataFrame[\"corr1\"]) * sum(dataFrame[\"corr2\"]))\n",
    "    return coeficienteCorrelacionPearson"
   ]
  },
  {
   "cell_type": "code",
   "execution_count": 23,
   "metadata": {},
   "outputs": [
    {
     "output_type": "execute_result",
     "data": {
      "text/plain": "0.6757"
     },
     "metadata": {},
     "execution_count": 23
    }
   ],
   "source": [
    "round(corr_coeff(df, \"total_bill\", \"tip\"),4)"
   ]
  },
  {
   "cell_type": "code",
   "execution_count": 24,
   "metadata": {},
   "outputs": [
    {
     "output_type": "display_data",
     "data": {
      "text/plain": "<Figure size 432x288 with 1 Axes>",
